//loose_formation
//attacker
86
35 137
35 86 137
1 69 103 171
1 35 86 137 171
1 35 69 103 137 171
1 35 69 86 103 137 171
//defender
100
49 151
49 100 151
15 83 117 185
15 49 100 151 185
15 49 83 117 151 185
15 49 83 100 117 151 185
//tight_formation
//atacker
86
69 103
69 86 103
52 69 103 120
52 69 86 103 120
35 52 69 103 120 137
35 52 69 86 103 120 137
//defender
100
83 117
83 100 117
66 83 117 134
66 83 100 117 134
49 66 83 117 134 151
49 66 83 100 117 134 151
//creature_bank
//attacker
57
57 61
57 61 90
57 61 90 93
57 61 90 93 96
57 61 90 93 96 125
57 61 90 93 96 125 129
//defender
2
2 15
2 15 100
2 15 100 185
2 15 100 185 172
2 15 100 185 172 87
2 15 100 185 172 87 8