//heroes'_inintial_set_of_secondary_abilities_format:_heroID_numberOfInitialSecSkills_(Skill_ID,_skill_lvl_for_every_spell)
0 2 6 1 1 1
1 2 6 1 1 1
2 2 6 1 23 1
3 2 6 1 5 1
4 2 6 1 13 1
5 2 6 1 22 1
6 2 6 1 19 1
7 2 6 1 19 1
8 2 7 1 27 1
9 2 7 1 4 1
10 2 7 1 13 1
11 1 7 2
12 2 7 1 8 1
13 2 7 1 11 1
14 2 7 1 21 1
15 2 7 1 24 1
16 2 6 1 23 1
17 2 9 1 26 1
18 1 1 2
19 2 4 1 6 1
20 1 26 2
21 2 1 1 22 1
22 2 0 1 26 1
23 2 1 1 2 1
24 2 7 1 18 1
25 2 7 2 10 1
26 2 7 1 24 1
27 2 7 1 27 1
28 2 7 1 11 1
29 2 7 1 9 1
30 2 7 1 25 1
31 2 7 1 3 1
32 2 3 1 8 1
33 1 18 2
34 2 8 1 25 1
35 2 18 1 23 1
36 2 8 1 19 1
37 2 18 1 26 1
38 2 8 1 22 1
39 2 18 1 24 1
40 1 7 2
41 2 7 1 8 1
42 2 7 1 11 1
43 2 7 1 24 1
44 2 7 1 10 1
45 2 7 1 25 1
46 2 7 1 4 1
47 2 7 1 18 1
48 1 3 2
49 2 7 1 18 1
50 1 23 2
51 2 19 1 26 1
52 2 18 1 22 1
53 2 1 1 3 1
54 2 1 1 2 1
55 1 22 2
56 2 7 1 24 1
57 2 7 1 18 1
58 2 7 1 8 1
59 2 7 1 10 1
60 2 7 1 21 1
61 2 7 1 11 1
62 2 7 1 25 1
63 2 7 1 6 1
64 2 12 1 26 1
65 2 12 1 20 1
66 2 12 1 21 1
67 2 12 1 19 1
68 2 12 1 22 1
69 1 12 2
70 2 12 1 22 1
71 2 12 1 23 1
72 2 12 1 18 1
73 2 12 1 7 1
74 2 12 1 25 1
75 2 12 1 11 1
76 2 12 1 8 1
77 2 12 1 21 1
78 1 12 2
79 2 12 1 24 1
80 2 3 1 6 1
81 2 20 1 22 1
82 2 19 1 22 1
83 2 6 1 26 1
84 1 22 2
85 2 2 1 19 1
86 2 6 1 18 1
87 2 19 1 22 1
88 2 7 1 18 1
89 2 7 1 8 1
90 2 7 1 25 1
91 1 7 2
92 2 7 1 11 1
93 2 7 1 3 2
94 2 7 1 24 1
95 2 7 1 21 1
96 2 22 1 10 1
97 2 22 1 20 1
98 2 22 1 1 1
99 2 22 1 3 1
100 2 22 1 0 1
101 2 22 1 26 1
102 1 22 2
103 2 22 1 19 1
104 2 7 1 25 1
105 2 7 1 6 1
106 2 7 1 2 1
107 2 7 1 19 1
108 2 7 1 20 1
109 2 7 1 22 1
110 2 7 1 11 1
111 2 7 1 26 1
112 2 23 1 26 1
113 2 23 1 6 1
114 2 23 1 1 1
115 1 23 2
116 2 23 1 22 1
117 2 23 1 0 1
118 2 23 1 20 1
119 2 23 1 3 1
120 1 7 2
121 2 7 1 8 1
122 2 7 1 5 1
123 2 7 1 27 1
124 2 7 1 21 1
125 2 7 1 25 1
126 2 7 1 24 1
127 2 7 1 11 1
128 2 20 1 22 1
129 2 13 1 19 1
130 2 20 1 22 1
131 1 19 2
132 2 2 1 22 1
133 2 13 1 19 1
134 1 22 2
135 2 19 1 21 1
136 2 7 1 14 1
137 2 7 1 15 1
138 2 7 1 16 1
139 2 7 1 17 1
140 2 7 1 14 1
141 2 7 1 15 1
142 2 7 1 16 1
143 2 7 1 17 1
144 1 6 2
145 2 7 1 14 3
146 2 6 1 22 1
147 1 7 2
148 2 1 1 6 1
149 1 22 2
150 1 12 2
151 2 13 1 19 1
152 2 6 1 23 1
153 2 13 1 19 1
154 2 19 1 22 1
155 2 6 1 19 1
-1