//this file is a description of positions of wall parts' positions, following lines contain positions of: 1. background wall, 2. keep, 3. bottom tower, 4. bottom wall, 5. wall below gate, 
//6. wall over gate, 7. upper wall, 8. upper tower, 9. gate, 10. gate arch, 11. bottom static wall, 12. upper static wall, 13. moat, 14. mlip, 
//15. keep turret cover, 16. lower turret cover, 17. upper turret cover, 18. keep creature, 19. lower turret creature, 20. upper turret creature (x, y)
//Castle 
600 55
720 154
601 500 
528 350 
468 291 
469 127 
523 32 
568 35 
399 274 
476 238 
511 347 
488 79 
410 90 
410 80 
720 154
601 500 
568 35 
527 -66
368 304
339 -192
//Rampart 
608 55
724 154
593 511 
548 451 
468 309 
468 186 
529 57 
565 31 
403 271 
459 220 
509 364 
491 103 
410 77 
410 97 
724 154
593 511 
565 31 
527 -66
368 304
339 -192
//Tower 
615 55
726 154
591 516 
547 452 
474 298 
487 190 
546 66 
579 36 
400 253 
470 187 
516 365 
513 79 
410 90 
410 80 
726 154
591 516 
579 36 
527 -66
368 304
339 -192
//Inferno 
606 55
730 154
594 514 
560 451 
484 316 
479 151 
531 71 
568 27 
408 254 
476 221 
521 376 
501 92 
410 68 
410 68 
730 154
594 514 
568 27 
527 -66
368 304
339 -192
//Necropolis 
604 55
730 154
591 512 
535 445 
477 323 
486 164 
542 66 
560 26 
401 262 
473 240 
508 372 
503 97 
410 78 
412 77 
730 154
591 512 
560 26 
527 -66
368 304
339 -192
//Dungeon 
608 55
732 154
599 495 
558 448 
470 296 
476 180 
522 56 
564 15 
395 260 
470 164 
521 305 
493 53 
277 94 
277 94 
608 55
599 495 
564 15 
571 -66
412 304
383 -192
//Stronghold 
617 55
731 154
585 508 
552 440 
482 304 
475 189 
533 69 
567 30 
407 266 
477 235 
510 380 
498 107 
410 90 
410 91 
731 154
585 508 
567 30 
527 -66
368 304
339 -192
//Fortress 
599 55
721 154
599 505 
545 441 
486 306 
497 184 
525 80 
547 27 
392 253 
482 236 
521 382 
507 130 
369 95 
363 70 
721 154
599 505 
547 27 
527 -66
368 304
339 -192
//Conflux 
600 55
736 154
607 505 
508 346 
467 299 
470 147 
520 41 
575 28 
408 254 
485 232 
508 346 
489 97 
410 80 
410 80 
736 154
607 505 
575 28 
527 -66
368 304
339 -192